*Vertices 24
1 "1"
2 "2"
3 "3"
4 "4"
5 "5"
6 "6"
7 "7"
8 "8"
9 "9"
10 "10"
11 "11"
12 "12"
13 "13"
14 "14"
15 "15"
16 "16"
17 "17"
18 "18"
19 "19"
20 "20"
21 "21"
22 "22"
23 "23"
24 "24"
*Arcs
1 11 0.5
1 15 11
2 5 19.6666666666667
2 7 10.75
2 10 6.16666666666667
2 15 5.25
3 17 11.5
4 20 0.5
4 21 10.5
4 23 0.5
5 2 19.6666666666667
5 9 63.75
5 12 13.75
5 15 26.25
5 16 18.8333333333333
5 22 13.9166666666667
6 9 13.75
6 17 6.25
6 24 1.5
7 2 10.75
7 10 1.91666666666667
7 14 3.16666666666667
8 12 7.75
8 18 2.66666666666667
8 24 5.58333333333333
9 5 63.75
9 6 13.75
9 13 14.3333333333333
9 18 10.4166666666667
9 19 10
9 21 40
9 24 14.9166666666667
10 2 6.16666666666667
10 7 1.91666666666667
10 22 5.41666666666667
11 1 0.5
11 15 11
12 5 13.75
12 8 7.75
13 9 14.3333333333333
13 17 7.66666666666667
13 19 1.5
14 7 3.16666666666667
14 16 9.66666666666667
15 1 11
15 2 5.25
15 5 26.25
15 11 11
16 5 18.8333333333333
16 14 9.66666666666667
17 3 11.5
17 6 6.25
17 13 7.66666666666667
17 24 9.41666666666666
18 8 2.66666666666667
18 9 10.4166666666667
18 24 1.75
19 9 10
19 13 1.5
20 4 0.5
20 21 10.5
20 23 0.5
21 4 10.5
21 9 40
21 20 10.5
21 23 10.5
22 5 13.9166666666667
22 10 5.41666666666667
23 4 0.5
23 20 0.5
23 21 10.5
24 6 1.5
24 8 5.58333333333333
24 9 14.9166666666667
24 17 9.41666666666666
24 18 1.75
